2
 3 3 

8
 1 1 1 1 2 2 2 2 

     1.00 0.50 0.75 0.90 0.15 0.40 1.00 0.90 
     0.50 1.00 0.00 0.00 0.60 0.80 1.00 0.00 
     0.75 0.00 1.00 0.25 0.55 0.75 1.00 0.60 
     0.90 0.00 0.25 1.00 0.40 0.20 1.00 0.10 
     0.15 0.60 0.55 0.40 1.00 0.15 1.00 0.15 
     0.40 0.80 0.75 0.20 0.15 1.00 1.00 0.20 
     1.00 1.00 1.00 1.00 1.00 1.00 1.00 1.00 
     0.90 0.00 0.60 0.10 0.15 0.20 1.00 1.00 

 2
  3 3 

 8
  1 1 1 1 2 2 2 2 
 
     1.00 0.50 0.75 0.90 0.15 0.40 0.50 0.90 
     0.50 1.00 0.00 0.00 0.60 0.80 0.50 0.00 
     0.75 0.00 1.00 0.25 0.55 0.75 0.50 0.60 
     0.90 0.00 0.25 1.00 0.40 0.20 0.50 0.10 
     0.15 0.60 0.55 0.40 1.00 0.15 0.50 0.15 
     0.40 0.80 0.75 0.20 0.15 1.00 0.50 0.20 
     0.50 0.50 0.50 0.50 0.50 0.50 1.00 0.50 
     0.90 0.00 0.60 0.10 0.15 0.20 0.50 1.00 


 2
  3 3 

 8
  1 1 1 1 2 2 2 2 
 
     1.00 0.50 0.75 0.90 0.15 0.40 0.50 0.80 
     0.50 1.00 0.00 0.00 0.60 0.80 0.50 0.00 
     0.75 0.00 1.00 0.25 0.55 0.75 0.50 0.60 
     0.90 0.00 0.25 1.00 0.40 0.20 0.50 0.10 
     0.15 0.60 0.55 0.40 1.00 0.15 0.50 0.15 
     0.40 0.80 0.75 0.20 0.15 1.00 0.50 0.20 
     0.50 0.50 0.50 0.50 0.50 0.50 1.00 0.50 
     0.80 0.00 0.60 0.10 0.15 0.20 0.50 1.00 


 2
  3 3 

 8
  1 1 1 1 2 2 2 2 
 
     1.00 0.50 0.75 0.80 0.10 0.40 0.50 0.80 
     0.50 1.00 0.00 0.00 0.60 0.80 0.50 0.00 
     0.75 0.00 1.00 0.25 0.55 0.75 0.50 0.60 
     0.80 0.00 0.25 1.00 0.40 0.20 0.50 0.10 
     0.10 0.60 0.55 0.40 1.00 0.15 0.50 0.15 
     0.40 0.80 0.75 0.20 0.15 1.00 0.50 0.20 
     0.50 0.50 0.50 0.50 0.50 0.50 1.00 0.50 
     0.80 0.00 0.60 0.10 0.15 0.20 0.50 1.00 


 2
  2 3 

 8
  1 1 1 1 2 2 2 2 
 
     1.00 0.50 0.75 0.80 0.10 0.40 0.50 0.00 
     0.50 1.00 0.00 0.00 0.60 0.80 0.50 0.00 
     0.75 0.00 1.00 0.25 0.55 0.75 0.50 0.60 
     0.80 0.00 0.25 1.00 0.40 0.20 0.50 0.10 
     0.10 0.60 0.55 0.40 1.00 0.15 0.50 0.15 
     0.40 0.80 0.75 0.20 0.15 1.00 0.50 0.20 
     0.50 0.50 0.50 0.50 0.50 0.50 1.00 0.50 
     0.00 0.00 0.60 0.10 0.15 0.20 0.50 1.00 


 2
  2 3 

 8
  1 1 1 1 2 2 2 2 
 
     1.00 0.50 0.75 0.80 0.10 0.40 0.50 0.80 
     0.50 1.00 0.00 0.00 0.60 0.80 0.50 0.00 
     0.75 0.00 1.00 0.25 0.55 0.75 0.50 0.60 
     0.80 0.00 0.25 1.00 0.40 0.20 0.50 0.10 
     0.10 0.60 0.55 0.40 1.00 0.15 0.50 0.15 
     0.40 0.80 0.75 0.20 0.15 1.00 0.50 0.20 
     0.50 0.50 0.50 0.50 0.50 0.50 1.00 0.50 
     0.80 0.00 0.60 0.10 0.15 0.20 0.50 1.00 


 2
  2 3 

 8
  1 1 1 1 2 2 2 2 
 
     1.00 0.50 0.75 0.80 0.10 0.40 0.50 0.00 
     0.50 1.00 0.00 0.00 0.60 0.80 0.50 0.00 
     0.75 0.00 1.00 0.25 0.55 0.75 0.50 0.60 
     0.80 0.00 0.25 1.00 0.40 0.20 0.50 0.10 
     0.10 0.60 0.55 0.40 1.00 0.10 0.50 0.00 
     0.40 0.80 0.75 0.20 0.10 1.00 0.50 0.20 
     0.50 0.50 0.50 0.50 0.50 0.50 1.00 0.50 
     0.00 0.00 0.60 0.10 0.00 0.20 0.50 1.00 


 2
  2 2 

 8
  1 1 1 1 2 2 2 2 
 
     1.00 0.50 0.75 0.80 0.10 0.40 0.50 0.80 
     0.50 1.00 0.00 0.00 0.60 0.80 0.50 0.00 
     0.75 0.00 1.00 0.25 0.55 0.75 0.50 0.60 
     0.80 0.00 0.25 1.00 0.40 0.20 0.50 0.10 
     0.10 0.60 0.55 0.40 1.00 0.10 0.50 0.10 
     0.40 0.80 0.75 0.20 0.10 1.00 0.50 0.20 
     0.50 0.50 0.50 0.50 0.50 0.50 1.00 0.50 
     0.80 0.00 0.60 0.10 0.10 0.20 0.50 1.00 


