D = 2;
n = [ 1 1 ];
N = 9;
d = [1 1 1 1 2 2 2 2 2 ];
m = [
[1.00 0.43 0.63 0.82 0.20 0.35 0.68 0.30 0.41 ]
[0.43 1.00 0.58 0.19 0.97 0.05 0.73 0.53 0.16 ]
[0.63 0.58 1.00 0.09 0.80 0.17 0.76 0.41 0.59 ]
[0.82 0.19 0.09 1.00 0.68 0.91 0.02 0.19 0.38 ]
[0.20 0.97 0.80 0.68 1.00 0.47 1.00 0.62 0.08 ]
[0.35 0.05 0.17 0.91 0.47 1.00 0.98 0.92 0.26 ]
[0.68 0.73 0.76 0.02 1.00 0.98 1.00 0.04 0.05 ]
[0.30 0.53 0.41 0.19 0.62 0.92 0.04 1.00 0.56 ]
[0.41 0.16 0.59 0.38 0.08 0.26 0.05 0.56 1.00 ]
];
