D = 2;
n = [ 4 4 ];
N = 8;
d = [1 1 1 1 2 2 2 2 ];
m = [
[1.00 0.22 0.44 0.22 0.45 0.38 0.82 0.88 ]
[0.22 1.00 0.91 0.86 0.13 0.03 0.61 0.29 ]
[0.44 0.91 1.00 0.46 0.76 0.04 0.60 0.79 ]
[0.22 0.86 0.46 1.00 0.98 0.20 0.26 0.42 ]
[0.45 0.13 0.76 0.98 1.00 0.07 0.61 0.42 ]
[0.38 0.03 0.04 0.20 0.07 1.00 0.28 0.46 ]
[0.82 0.61 0.60 0.26 0.61 0.28 1.00 0.49 ]
[0.88 0.29 0.79 0.42 0.42 0.46 0.49 1.00 ]
];
