D = 4;
n = [ 2 2 2 2 ];
N = 9;
d = [1 1 2 2 3 3 4 4 4 ];
m = [
[1.00 0.33 0.84 0.04 0.15 0.76 0.26 0.23 0.56 ]
[0.33 1.00 0.14 0.87 0.07 0.92 0.12 0.97 0.34 ]
[0.84 0.14 1.00 0.12 0.34 0.01 0.16 0.08 0.06 ]
[0.04 0.87 0.12 1.00 0.73 0.53 0.51 0.08 0.04 ]
[0.15 0.07 0.34 0.73 1.00 0.97 0.00 0.79 0.58 ]
[0.76 0.92 0.01 0.53 0.97 1.00 0.75 0.37 0.86 ]
[0.26 0.12 0.16 0.51 0.00 0.75 1.00 0.19 0.14 ]
[0.23 0.97 0.08 0.08 0.79 0.37 0.19 1.00 0.41 ]
[0.56 0.34 0.06 0.04 0.58 0.86 0.14 0.41 1.00 ]
];
