D = 2;
n = [ 4 4 ];
N = 9;
d = [1 1 1 1 2 2 2 2 2 ];
m = [
[1.00 0.28 0.25 0.20 0.40 0.35 0.11 0.53 0.12 ]
[0.28 1.00 0.74 0.29 0.45 0.27 0.55 0.21 0.93 ]
[0.25 0.74 1.00 0.94 0.89 0.30 0.25 0.19 0.73 ]
[0.20 0.29 0.94 1.00 0.24 0.87 0.28 0.08 0.67 ]
[0.40 0.45 0.89 0.24 1.00 0.05 0.19 0.12 0.84 ]
[0.35 0.27 0.30 0.87 0.05 1.00 0.33 0.51 0.59 ]
[0.11 0.55 0.25 0.28 0.19 0.33 1.00 0.28 0.81 ]
[0.53 0.21 0.19 0.08 0.12 0.51 0.28 1.00 0.10 ]
[0.12 0.93 0.73 0.67 0.84 0.59 0.81 0.10 1.00 ]
];
