D = 2;
n = [ 5 5 ];
N = 28;
d = [1 1 1 1 1 1 1 1 1 1 1 1 1 1 2 2 2 2 2 2 2 2 2 2 2 2 2 2 ];
m = [
[1.00 0.70 0.21 0.88 0.75 0.31 0.61 0.94 0.92 0.89 0.45 0.23 0.39 0.49 0.45 0.38 0.20 0.68 0.31 0.84 0.99 0.42 0.99 0.65 0.94 0.73 0.88 0.53 ]
[0.70 1.00 0.16 0.83 0.50 0.05 0.50 0.34 0.40 0.97 0.39 0.67 0.51 0.99 0.13 0.13 0.26 0.53 0.70 0.65 0.86 0.13 0.74 0.82 0.47 0.13 0.50 0.88 ]
[0.21 0.16 1.00 0.29 0.85 0.35 0.51 0.73 0.73 0.61 0.73 0.19 0.18 0.74 0.46 0.74 0.37 0.13 0.89 0.33 0.44 0.77 0.08 0.68 0.54 0.99 0.89 0.39 ]
[0.88 0.83 0.29 1.00 0.53 0.26 0.42 0.19 0.07 0.02 0.60 0.72 0.20 0.46 0.36 0.13 0.16 0.19 0.59 0.66 0.30 0.93 0.55 0.64 0.45 0.29 0.39 0.60 ]
[0.75 0.50 0.85 0.53 1.00 0.55 0.01 0.04 0.96 0.67 0.37 0.78 0.64 0.23 0.01 0.46 0.88 0.57 0.51 0.65 0.86 0.37 0.35 0.09 0.04 0.06 0.71 0.41 ]
[0.31 0.05 0.35 0.26 0.55 1.00 0.74 0.34 0.34 0.94 0.76 0.94 0.85 0.20 0.96 0.49 0.64 0.46 0.99 0.97 0.71 0.11 0.46 0.52 0.88 0.90 0.24 0.07 ]
[0.61 0.50 0.51 0.42 0.01 0.74 1.00 0.05 0.88 0.76 0.21 0.66 0.97 0.77 0.16 0.10 0.63 0.38 0.50 0.02 0.16 0.16 0.49 0.12 0.02 0.57 0.78 0.28 ]
[0.94 0.34 0.73 0.19 0.04 0.34 0.05 1.00 0.89 0.45 0.39 0.90 0.87 0.11 0.51 0.59 0.80 0.80 0.35 0.44 0.78 0.09 0.38 0.44 0.27 0.54 0.34 0.73 ]
[0.92 0.40 0.73 0.07 0.96 0.34 0.88 0.89 1.00 0.38 0.34 0.62 0.35 0.23 0.06 0.69 0.26 0.36 0.67 0.23 0.74 0.57 0.87 0.36 0.54 0.12 0.71 0.51 ]
[0.89 0.97 0.61 0.02 0.67 0.94 0.76 0.45 0.38 1.00 0.58 0.62 0.82 0.11 0.13 0.23 0.98 0.41 0.18 0.58 0.05 0.19 0.95 0.10 0.55 0.78 0.04 0.04 ]
[0.45 0.39 0.73 0.60 0.37 0.76 0.21 0.39 0.34 0.58 1.00 0.61 0.49 0.33 0.41 0.02 0.92 0.80 0.72 0.89 0.89 0.55 0.65 0.58 0.69 0.81 0.03 0.89 ]
[0.23 0.67 0.19 0.72 0.78 0.94 0.66 0.90 0.62 0.62 0.61 1.00 0.38 0.96 0.26 0.59 0.61 0.36 0.22 0.53 0.29 0.93 0.01 0.00 0.04 0.73 0.36 0.26 ]
[0.39 0.51 0.18 0.20 0.64 0.85 0.97 0.87 0.35 0.82 0.49 0.38 1.00 0.12 0.56 0.25 0.34 0.86 0.15 0.36 0.17 0.98 0.48 0.63 0.27 0.08 0.59 0.14 ]
[0.49 0.99 0.74 0.46 0.23 0.20 0.77 0.11 0.23 0.11 0.33 0.96 0.12 1.00 0.68 0.87 0.98 0.30 0.80 0.72 0.74 0.69 0.31 0.37 0.57 0.02 0.82 0.75 ]
[0.45 0.13 0.46 0.36 0.01 0.96 0.16 0.51 0.06 0.13 0.41 0.26 0.56 0.68 1.00 0.82 0.81 0.55 0.97 0.15 0.21 0.24 0.71 0.52 0.57 0.28 0.88 0.61 ]
[0.38 0.13 0.74 0.13 0.46 0.49 0.10 0.59 0.69 0.23 0.02 0.59 0.25 0.87 0.82 1.00 0.68 0.90 0.63 0.13 0.76 0.75 0.44 0.28 0.01 0.17 0.99 0.99 ]
[0.20 0.26 0.37 0.16 0.88 0.64 0.63 0.80 0.26 0.98 0.92 0.61 0.34 0.98 0.81 0.68 1.00 0.03 0.07 0.63 0.67 0.26 0.74 0.50 0.61 0.68 0.52 0.63 ]
[0.68 0.53 0.13 0.19 0.57 0.46 0.38 0.80 0.36 0.41 0.80 0.36 0.86 0.30 0.55 0.90 0.03 1.00 0.78 0.47 0.65 0.07 0.81 0.73 0.93 0.39 0.26 0.74 ]
[0.31 0.70 0.89 0.59 0.51 0.99 0.50 0.35 0.67 0.18 0.72 0.22 0.15 0.80 0.97 0.63 0.07 0.78 1.00 0.39 0.43 0.37 0.08 0.06 0.62 0.21 0.39 0.52 ]
[0.84 0.65 0.33 0.66 0.65 0.97 0.02 0.44 0.23 0.58 0.89 0.53 0.36 0.72 0.15 0.13 0.63 0.47 0.39 1.00 0.57 0.99 0.87 0.31 0.87 0.79 0.19 0.44 ]
[0.99 0.86 0.44 0.30 0.86 0.71 0.16 0.78 0.74 0.05 0.89 0.29 0.17 0.74 0.21 0.76 0.67 0.65 0.43 0.57 1.00 0.00 0.69 0.02 0.03 0.90 0.35 0.04 ]
[0.42 0.13 0.77 0.93 0.37 0.11 0.16 0.09 0.57 0.19 0.55 0.93 0.98 0.69 0.24 0.75 0.26 0.07 0.37 0.99 0.00 1.00 0.33 0.06 0.02 0.74 0.82 0.92 ]
[0.99 0.74 0.08 0.55 0.35 0.46 0.49 0.38 0.87 0.95 0.65 0.01 0.48 0.31 0.71 0.44 0.74 0.81 0.08 0.87 0.69 0.33 1.00 0.18 0.68 0.12 0.57 0.98 ]
[0.65 0.82 0.68 0.64 0.09 0.52 0.12 0.44 0.36 0.10 0.58 0.00 0.63 0.37 0.52 0.28 0.50 0.73 0.06 0.31 0.02 0.06 0.18 1.00 0.69 0.89 0.03 0.31 ]
[0.94 0.47 0.54 0.45 0.04 0.88 0.02 0.27 0.54 0.55 0.69 0.04 0.27 0.57 0.57 0.01 0.61 0.93 0.62 0.87 0.03 0.02 0.68 0.69 1.00 0.94 0.35 0.93 ]
[0.73 0.13 0.99 0.29 0.06 0.90 0.57 0.54 0.12 0.78 0.81 0.73 0.08 0.02 0.28 0.17 0.68 0.39 0.21 0.79 0.90 0.74 0.12 0.89 0.94 1.00 0.74 0.52 ]
[0.88 0.50 0.89 0.39 0.71 0.24 0.78 0.34 0.71 0.04 0.03 0.36 0.59 0.82 0.88 0.99 0.52 0.26 0.39 0.19 0.35 0.82 0.57 0.03 0.35 0.74 1.00 0.19 ]
[0.53 0.88 0.39 0.60 0.41 0.07 0.28 0.73 0.51 0.04 0.89 0.26 0.14 0.75 0.61 0.99 0.63 0.74 0.52 0.44 0.04 0.92 0.98 0.31 0.93 0.52 0.19 1.00 ]
];
